root,original_path,original_name,normalized_name,proposed_display_name,proposed_safe_slug,candidate_type,confidence,review_status,reason,collision_group,slug_collision
source,/srv/daawah/media/source/shawwal/دراما حكم عقلك,دراما حكم عقلك,دراما حكم عقلك,دراما حكم عقلك,دراما-حكم-عقلك,program,high,ready,clean name,,
source,/srv/daawah/media/source/shawwal/معايشة الأنبياء,معايشة الأنبياء,معايشة الأنبياء,معايشة الأنبياء,معايشة-الأنبياء,program,high,ready,clean name,,
source,/srv/daawah/media/source/shawwal/قصة وخطوة مع د مروة إبراهيم,قصة وخطوة مع د مروة إبراهيم,قصة وخطوة مع د مروة إبراهيم,قصة وخطوة مع د مروة إبراهيم,قصة-وخطوة,needs_review,medium,exclude,directory does not exist in source/shawwal,,
source,/srv/daawah/media/source/shawwal/أنوار التنزيل مع الشيخ عبد الخالق الشريف,أنوار التنزيل مع الشيخ عبد الخالق الشريف,أنوار التنزيل مع الشيخ عبد الخالق الشريف,أنوار التنزيل مع الشيخ عبد الخالق الشريف,أنوار-التنزيل,needs_review,medium,exclude,directory does not exist in source/shawwal,,
source,/srv/daawah/media/source/shawwal/أخطاء تربوية مع ا عبده زيادة,أخطاء تربوية مع ا عبده زيادة,أخطاء تربوية مع ا عبده زيادة,أخطاء تربوية مع ا عبده زيادة,أخطاء-تربوية,needs_review,medium,exclude,directory does not exist in source/shawwal,,
source,/srv/daawah/media/source/shawwal/ذكرى وعبرة,ذكرى وعبرة,ذكرى وعبرة,ذكرى وعبرة,ذكرى-وعبرة,program,high,ready,clean name,,
source,/srv/daawah/media/source/shawwal/تشريف الأمة المحمدية,تشريف الأمة المحمدية,تشريف الأمة المحمدية,تشريف الأمة المحمدية,تشريف-الأمة-المحمدية,program,high,ready,clean name,,
source,/srv/daawah/media/source/shawwal/من وحي القلم,من وحي القلم,من وحي القلم,من وحي القلم,من-وحي-القلم,program,high,ready,clean name,,
source,/srv/daawah/media/source/shawwal/أنا والمحراب مع ياسر عمر,أنا والمحراب مع ياسر عمر,أنا والمحراب مع ياسر عمر,أنا والمحراب مع ياسر عمر,أنا-والمحراب,needs_review,medium,exclude,directory does not exist in source/shawwal,,
source,/srv/daawah/media/source/shawwal/السيرة النبويّة  ,السيرة النبويّة,السيرة النبويّة,السيرة النبويّة,السيرة-النبويّة,program,medium,ready,,,
source,/srv/daawah/media/source/shawwal/أطفال ابطال,أطفال ابطال,أطفال ابطال,أطفال ابطال,أطفال-ابطال,program,high,ready,clean name,,
source,/srv/daawah/media/source/shawwal/الشعراوي تفسير سورة الحج,الشعراوي تفسير سورة الحج,الشعراوي تفسير سورة الحج,الشعراوي تفسير سورة الحج,الشعراوي-تفسير-سورة-الحج,program,high,ready,clean name,,
source,/srv/daawah/media/source/shawwal/علموا أولادكم,علموا أولادكم,علموا أولادكم,علموا أولادكم,علموا-أولادكم,program,high,ready,clean name,,
source,/srv/daawah/media/source/shawwal/تعال نفهم,تعال نفهم,تعال نفهم,تعال نفهم,تعال-نفهم,program,high,ready,clean name,,
source,/srv/daawah/media/source/shawwal/مثابرون,مثابرون,مثابرون,مثابرون,مثابرون,program,high,ready,clean name,,
source,/srv/daawah/media/source/shawwal/المسلسل فتح الأندلس,المسلسل فتح الأندلس,المسلسل فتح الأندلس,المسلسل فتح الأندلس,المسلسل-فتح-الأندلس,program,high,ready,clean name,,
source,/srv/daawah/media/source/shawwal/قصص الأنبياء,قصص الأنبياء,قصص الأنبياء,قصص الأنبياء,قصص-الأنبياء,program,high,ready,clean name,,
source,/srv/daawah/media/source/shawwal/جنة الدنيا مع الشيخ نشأت أحمد,جنة الدنيا مع الشيخ نشأت أحمد,جنة الدنيا مع الشيخ نشأت أحمد,جنة الدنيا مع الشيخ نشأت أحمد,جنة-الدنيا,needs_review,medium,exclude,directory does not exist in source/shawwal,,
source,/srv/daawah/media/source/shawwal/سنن مهجورة,سنن مهجورة,سنن مهجورة,سنن مهجورة,سنن-مهجورة,program,high,ready,clean name,,
source,/srv/daawah/media/source/shawwal/على الثغور,على الثغور,على الثغور,على الثغور,على-الثغور,program,high,ready,clean name,,
source,/srv/daawah/media/source/kids/GAZIRAT ALABTAL,GAZIRAT ALABTAL,gazirat alabtal,GAZIRAT ALABTAL,GAZIRAT-ALABTAL,program,high,ready,clean name,,
source,/srv/daawah/media/source/kids/kessas,kessas,kessas,kessas,kessas,program,high,ready,clean name,,
source,/srv/daawah/media/source/kids/دقدق,دقدق,دقدق,دقدق,دقدق,program,high,ready,clean name,,
source,/srv/daawah/media/source/kids/Cedars Ar قصص الإنسان في القرآن,Cedars Ar قصص الإنسان في القرآن,cedars ar قصص الإنسان في القرآن,Cedars Ar قصص الإنسان في القرآن,Cedars-Ar-قصص-الإنسان-في-القرآن,program,high,ready,clean name,,
source,/srv/daawah/media/source/kids/CLEP ATFAAL,CLEP ATFAAL,clep atfaal,CLEP ATFAAL,CLEP-ATFAAL,program,high,ready,clean name,,
source,/srv/daawah/media/source/kids/SHIKH ALMOJAHDIEN,SHIKH ALMOJAHDIEN,shikh almojahdien,SHIKH ALMOJAHDIEN,SHIKH-ALMOJAHDIEN,program,high,ready,clean name,,
source,/srv/daawah/media/source/kids/OMAR WE HANA,OMAR WE HANA,omar we hana,OMAR WE HANA,OMAR-WE-HANA,program,high,ready,clean name,,
source,/srv/daawah/media/source/hajj-10/چويرية محمد - وليال عشر,چويرية محمد - وليال عشر,چويرية محمد - وليال عشر,چويرية محمد - وليال عشر,چويرية-محمد-وليال-عشر,program,high,ready,clean name,,
source,/srv/daawah/media/source/hajj-10/Nahla Abdallah - ذي الحجة للاطفال,Nahla Abdallah - ذي الحجة للاطفال,nahla abdallah - ذي الحجة للاطفال,Nahla Abdallah - ذي الحجة للاطفال,Nahla-Abdallah-ذي-الحجة-للاطفال,program,high,ready,clean name,,
source,/srv/daawah/media/source/hajj-10/قناة تعلموا - الليالي المباركات ¦¦ مع د. أحمد العربي د. نبيل العوضي,قناة تعلموا - الليالي المباركات ¦¦ مع د. أحمد العربي د. نبيل العوضي,قناة تعلموا - الليالي المباركات ¦¦ مع د. أحمد العربي د. نبيل العوضي,قناة تعلموا - الليالي المباركات ¦¦ مع د. أحمد العربي د. نبيل العوضي,قناة-تعلموا-الليالي-المباركات,program,high,ready,clean name,,
source,/srv/daawah/media/source/hajj-10/فرائد,فرائد,فرائد,فرائد,فرائد,program,high,ready,clean name,,
source,/srv/daawah/media/source/hajj-10/الشوق إلى حج بيت الله تعالى مع فضيلة الشيخ محمد الحسن الددو  - حفظه الله,الشوق إلى حج بيت الله تعالى مع فضيلة الشيخ محمد الحسن الددو  - حفظه الله,الشوق إلى حج بيت الله تعالى مع فضيلة الشيخ محمد الحسن الددو - حفظه الله,الشوق إلى حج بيت الله تعالى مع فضيلة الشيخ محمد الحسن الددو  - حفظه الله,الشوق-إلى-حج-بيت-الله-تعالى,program,high,ready,clean name,,
source,/srv/daawah/media/source/hajj-10/الحمد لله - معاني وأسرار الحج,الحمد لله - معاني وأسرار الحج,الحمد لله - معاني وأسرار الحج,الحمد لله - معاني وأسرار الحج,الحمد-لله-معاني-وأسرار-الحج,program,high,ready,clean name,,
source,/srv/daawah/media/source/hajj-10/أكاديمية الشريف العلمية - برنامج أيام الله,أكاديمية الشريف العلمية - برنامج أيام الله,أكاديمية الشريف العلمية - برنامج أيام الله,أكاديمية الشريف العلمية - برنامج أيام الله,أكاديمية-الشريف-العلمية-برنامج-أيام-الله,program,high,ready,clean name,,
source,/srv/daawah/media/source/hajj-10/الشيخ عدنان عبد القادر - سلسلة احداث الحياة,الشيخ عدنان عبد القادر - سلسلة احداث الحياة,الشيخ عدنان عبد القادر - سلسلة احداث الحياة,الشيخ عدنان عبد القادر - سلسلة احداث الحياة,الشيخ-عدنان-عبد-القادر-سلسلة-احداث-الحياة,program,high,ready,clean name,,
source,/srv/daawah/media/source/hajj-10/Fahad Alkandari l فهد الكندري - خطوات  النبي,Fahad Alkandari l فهد الكندري - خطوات  النبي,fahad alkandari l فهد الكندري - خطوات النبي,Fahad Alkandari l فهد الكندري - خطوات  النبي,Fahad-Alkandari-l-فهد-الكندري-خطوات-النبي,program,high,ready,clean name,,
bumpers,/srv/daawah/media/bumpers/logo-sting,logo-sting,logo-sting,logo-sting,logo-sting,bumper,high,ready,clean name,,
bumpers,/srv/daawah/media/bumpers/sting-hag,sting-hag,sting-hag,sting-hag,sting-hag,bumper,high,ready,clean name,,
bumpers,/srv/daawah/media/bumpers/general,general,general,general,general,bumper,high,ready,clean name,,
bumpers,/srv/daawah/media/bumpers/general/CLEP,CLEP,clep,CLEP,CLEP,bumper,high,ready,clean name,,
bumpers,/srv/daawah/media/bumpers/general/DOAA,DOAA,doaa,DOAA,DOAA,bumper,high,ready,clean name,,
bumpers,/srv/daawah/media/bumpers/general/جرافيك,جرافيك,جرافيك,جرافيك,جرافيك,bumper,high,ready,clean name,,
bumpers,/srv/daawah/media/bumpers/general/AADAB ISLAMIA,AADAB ISLAMIA,aadab islamia,AADAB ISLAMIA,AADAB-ISLAMIA,bumper,high,ready,clean name,,
bumpers,/srv/daawah/media/bumpers/general/جهادأحاديث,جهادأحاديث,جهادأحاديث,جهادأحاديث,جهادأحاديث,bumper,high,ready,clean name,,
bumpers,/srv/daawah/media/bumpers/general/هيئة النبي,هيئة النبي,هيئة النبي,هيئة النبي,هيئة-النبي,bumper,high,ready,clean name,,
bumpers,/srv/daawah/media/bumpers/general/CLIP DAAWAH,CLIP DAAWAH,clip daawah,CLIP DAAWAH,CLIP-DAAWAH,bumper,high,ready,clean name,,
bumpers,/srv/daawah/media/bumpers/general/New folder,New folder,new folder,New folder,New-folder,needs_review,low,exclude,generic/suspicious folder name - not a real program,,
bumpers,/srv/daawah/media/bumpers/general/gazwaat,gazwaat,gazwaat,gazwaat,gazwaat,bumper,high,ready,clean name,,
bumpers,/srv/daawah/media/bumpers/general/مختارات من أحاديث الحبيب محمد صلى الله عليه وسلم,مختارات من أحاديث الحبيب محمد صلى الله عليه وسلم,مختارات من أحاديث الحبيب محمد صلى الله عليه وسلم,مختارات من أحاديث الحبيب محمد صلى الله عليه وسلم,مختارات-من-أحاديث-الحبيب-محمد-صلى-الله-عليه-وسلم,bumper,high,ready,clean name,,
bumpers,/srv/daawah/media/bumpers/general/LALAHUM YATFAKARUN,LALAHUM YATFAKARUN,lalahum yatfakarun,LALAHUM YATFAKARUN,LALAHUM-YATFAKARUN,bumper,high,ready,clean name,,
bumpers,/srv/daawah/media/bumpers/general/New folder (2),New folder (2),new folder (2),New folder (2),New-folder-2,needs_review,low,exclude,generic/suspicious folder name - not a real program,,
bumpers,/srv/daawah/media/bumpers/general/AHADITH DAAWAH,AHADITH DAAWAH,ahadith daawah,AHADITH DAAWAH,AHADITH-DAAWAH,bumper,high,ready,clean name,,
bumpers,/srv/daawah/media/bumpers/general/قصص عظماء الإسلام و التاريخ,قصص عظماء الإسلام و التاريخ,قصص عظماء الإسلام و التاريخ,قصص عظماء الإسلام و التاريخ,قصص-عظماء-الإسلام-و-التاريخ,bumper,high,ready,clean name,,
bumpers,/srv/daawah/media/bumpers/general/finnnal-أحاديث قدسية,finnnal-أحاديث قدسية,finnnal-أحاديث قدسية,finnnal-أحاديث قدسية,finnnal-أحاديث-قدسية,bumper,high,ready,clean name,,
original-ar,/srv/daawah/media/original-ar/نظرات مع الداعية طه هندي,نظرات مع الداعية طه هندي,نظرات مع الداعية طه هندي,نظرات مع الداعية طه هندي,نظرات,original-library,high,ready,clean name,,
original-ar,/srv/daawah/media/original-ar/مدرسة النبوة مع الشيخ أحمد الحسني الشنقيطي,مدرسة النبوة مع الشيخ أحمد الحسني الشنقيطي,مدرسة النبوة مع الشيخ أحمد الحسني الشنقيطي,مدرسة النبوة مع الشيخ أحمد الحسني الشنقيطي,مدرسة-النبوة,original-library,high,ready,clean name,,
original-ar,/srv/daawah/media/original-ar/النبي القائد  ｜ مع نور الدين محمود ｜ قناة دعوة,النبي القائد مع نور الدين محمود,النبي القائد مع نور الدين محمود,النبي القائد مع نور الدين محمود,النبي-القائد,original-library,medium,ready,,,
original-ar,/srv/daawah/media/original-ar/حول البيت مع مازن سلام,حول البيت مع مازن سلام,حول البيت مع مازن سلام,حول البيت مع مازن سلام,حول-البيت,original-library,high,ready,clean name,,
original-ar,/srv/daawah/media/original-ar/قبسات للدكتور اسماعيل علي,قبسات للدكتور اسماعيل علي,قبسات للدكتور اسماعيل علي,قبسات للدكتور اسماعيل علي,قبسات-للدكتور-اسماعيل-علي,original-library,high,ready,clean name,,
original-ar,/srv/daawah/media/original-ar/كنوز قرآنية مع د شكري نورالدين,كنوز قرآنية مع د شكري نورالدين,كنوز قرآنية مع د شكري نورالدين,كنوز قرآنية مع د شكري نورالدين,كنوز-قرآنية,original-library,high,ready,clean name,,
original-ar,/srv/daawah/media/original-ar/فن الذكر مع مصباح سيدي,فن الذكر مع مصباح سيدي,فن الذكر مع مصباح سيدي,فن الذكر مع مصباح سيدي,فن-الذكر,original-library,high,ready,clean name,,
original-ar,/srv/daawah/media/original-ar/الموعد الله,الموعد الله,الموعد الله,الموعد الله,الموعد-الله,original-library,high,ready,clean name,,
original-ar,/srv/daawah/media/original-ar/برنامج وأتموا الصيام مع فضيلة الشيخ محمد أنور,برنامج وأتموا الصيام مع فضيلة الشيخ محمد أنور,برنامج وأتموا الصيام مع فضيلة الشيخ محمد أنور,برنامج وأتموا الصيام مع فضيلة الشيخ محمد أنور,برنامج-وأتموا-الصيام,original-library,high,ready,clean name,,
original-ar,/srv/daawah/media/original-ar/يسألونك رمضان مع الشيخ عبد الخالق الشريف,يسألونك رمضان مع الشيخ عبد الخالق الشريف,يسألونك رمضان مع الشيخ عبد الخالق الشريف,يسألونك رمضان مع الشيخ عبد الخالق الشريف,يسألونك-رمضان,original-library,high,ready,clean name,,
original-ar,/srv/daawah/media/original-ar/فروض منسية مع د يوسف عبد الدايم,فروض منسية مع د يوسف عبد الدايم,فروض منسية مع د يوسف عبد الدايم,فروض منسية مع د يوسف عبد الدايم,فروض-منسية,original-library,high,ready,clean name,,
original-ar,/srv/daawah/media/original-ar/ذكريات دعوة,ذكريات دعوة,ذكريات دعوة,ذكريات دعوة,ذكريات-دعوة,original-library,high,ready,clean name,,
original-ar,/srv/daawah/media/original-ar/مختارات من رياض الصالحين ｜ الشيخ السيد جويل,مختارات من رياض الصالحين الشيخ السيد جويل,مختارات من رياض الصالحين الشيخ السيد جويل,مختارات من رياض الصالحين الشيخ السيد جويل,مختارات-من-رياض-الصالحين-الشيخ-السيد-جويل,original-library,medium,ready,,,
original-ar,/srv/daawah/media/original-ar/بصائر (الموسم الثالث) مع د رمضان خميس,بصائر (الموسم الثالث) مع د رمضان خميس,بصائر (الموسم الثالث) مع د رمضان خميس,بصائر (الموسم الثالث) مع د رمضان خميس,بصائر-الموسم-الثالث,original-library,high,ready,clean name,,
original-ar,/srv/daawah/media/original-ar/مختصر تفسير في ظلال القرآن مع سيد قطب,مختصر تفسير في ظلال القرآن مع سيد قطب,مختصر تفسير في ظلال القرآن مع سيد قطب,مختصر تفسير في ظلال القرآن مع سيد قطب,مختصر-تفسير-في-ظلال-القرآن,original-library,high,ready,clean name,,
original-ar,/srv/daawah/media/original-ar/يسألونك الموسم التاسع مع د يوسف عبدالدايم,يسألونك الموسم التاسع مع د يوسف عبدالدايم,يسألونك الموسم التاسع مع د يوسف عبدالدايم,يسألونك الموسم التاسع مع د يوسف عبدالدايم,يسألونك-الموسم-التاسع,original-library,high,ready,clean name,,
original-ar,/srv/daawah/media/original-ar/قواعد في التزكية,قواعد في التزكية,قواعد في التزكية,قواعد في التزكية,قواعد-في-التزكية,original-library,high,ready,clean name,,
original-ar,/srv/daawah/media/original-ar/درب المعالي,درب المعالي,درب المعالي,درب المعالي,درب-المعالي,original-library,high,ready,clean name,,
original-ar,/srv/daawah/media/original-ar/آية وهداية مع د محمود القلعاوي,آية وهداية مع د محمود القلعاوي,آية وهداية مع د محمود القلعاوي,آية وهداية مع د محمود القلعاوي,آية-وهداية,original-library,high,ready,clean name,,
original-ar,/srv/daawah/media/original-ar/بصمات (القدرات الخاصة) مع مازن سلام,بصمات (القدرات الخاصة) مع مازن سلام,بصمات (القدرات الخاصة) مع مازن سلام,بصمات (القدرات الخاصة) مع مازن سلام,بصمات-القدرات-الخاصة,original-library,high,ready,clean name,,
original-ar,/srv/daawah/media/original-ar/الحزام الأسود مع كابتن حسين الملك,الحزام الأسود مع كابتن حسين الملك,الحزام الأسود مع كابتن حسين الملك,الحزام الأسود مع كابتن حسين الملك,الحزام-الأسود,original-library,high,ready,clean name,,
original-ar,/srv/daawah/media/original-ar/فيديوهات مترجمة,فيديوهات مترجمة,فيديوهات مترجمة,فيديوهات مترجمة,فيديوهات-مترجمة,original-library,high,ready,clean name,,
original-ar,/srv/daawah/media/original-ar/صفحة جديدة مع ياسر عمر,صفحة جديدة مع ياسر عمر,صفحة جديدة مع ياسر عمر,صفحة جديدة مع ياسر عمر,صفحة-جديدة,original-library,high,ready,clean name,,
original-ar,/srv/daawah/media/original-ar/بيت الرضا ｜ د أكرم رضا,بيت الرضا د أكرم رضا,بيت الرضا د أكرم رضا,بيت الرضا د أكرم رضا,بيت-الرضا-د-أكرم-رضا,original-library,medium,ready,,,
original-ar,/srv/daawah/media/original-ar/أعلام دعوة,أعلام دعوة,أعلام دعوة,أعلام دعوة,أعلام-دعوة,original-library,high,ready,clean name,,
original-ar,/srv/daawah/media/original-ar/خيركم لأهله مع ياسر عمر,خيركم لأهله مع ياسر عمر,خيركم لأهله مع ياسر عمر,خيركم لأهله مع ياسر عمر,خيركم-لأهله,original-library,high,ready,clean name,,
original-ar,/srv/daawah/media/original-ar/قصة آية مع د يوسف عبدالدايم,قصة آية مع د يوسف عبدالدايم,قصة آية مع د يوسف عبدالدايم,قصة آية مع د يوسف عبدالدايم,قصة-آية,original-library,high,ready,clean name,,
original-ar,/srv/daawah/media/original-ar/كلك ذوق مع ياسر عمر,كلك ذوق مع ياسر عمر,كلك ذوق مع ياسر عمر,كلك ذوق مع ياسر عمر,كلك-ذوق,original-library,high,ready,clean name,,
original-ar,/srv/daawah/media/original-ar/اليوم 16 من رمضان,اليوم 16 من رمضان,اليوم 16 من رمضان,اليوم 16 من رمضان,اليوم-16-من-رمضان,original-library,high,ready,clean name,,
original-ar,/srv/daawah/media/original-ar/قصة وخطوة مع د مروة إبراهيم,قصة وخطوة مع د مروة إبراهيم,قصة وخطوة مع د مروة إبراهيم,قصة وخطوة مع د مروة إبراهيم,قصة-وخطوة,needs_review,medium,ready,,,
original-ar,/srv/daawah/media/original-ar/ثوابت التغيير مع ا أشرف الشربيني,ثوابت التغيير مع ا أشرف الشربيني,ثوابت التغيير مع ا أشرف الشربيني,ثوابت التغيير مع ا أشرف الشربيني,ثوابت-التغيير,original-library,high,ready,clean name,,
original-ar,/srv/daawah/media/original-ar/الأسرة المسلمة مع د مصطفى كامل,الأسرة المسلمة مع د مصطفى كامل,الأسرة المسلمة مع د مصطفى كامل,الأسرة المسلمة مع د مصطفى كامل,الأسرة-المسلمة,original-library,high,ready,clean name,,
original-ar,/srv/daawah/media/original-ar/نسمات مع د يوسف عبد الدايم وكوكبة من علماء الأمة,نسمات مع د يوسف عبد الدايم وكوكبة من علماء الأمة,نسمات مع د يوسف عبد الدايم وكوكبة من علماء الأمة,نسمات مع د يوسف عبد الدايم وكوكبة من علماء الأمة,نسمات,original-library,high,ready,clean name,,
original-ar,/srv/daawah/media/original-ar/أخلاق المؤمنين مع د محمد عبد المقصود,أخلاق المؤمنين مع د محمد عبد المقصود,أخلاق المؤمنين مع د محمد عبد المقصود,أخلاق المؤمنين مع د محمد عبد المقصود,أخلاق-المؤمنين,original-library,high,ready,clean name,,
original-ar,/srv/daawah/media/original-ar/عبر مع الشيخ خالد الديب,عبر مع الشيخ خالد الديب,عبر مع الشيخ خالد الديب,عبر مع الشيخ خالد الديب,عبر,original-library,high,ready,clean name,,
original-ar,/srv/daawah/media/original-ar/أنوار التنزيل مع الشيخ عبد الخالق الشريف,أنوار التنزيل مع الشيخ عبد الخالق الشريف,أنوار التنزيل مع الشيخ عبد الخالق الشريف,أنوار التنزيل مع الشيخ عبد الخالق الشريف,أنوار-التنزيل,needs_review,medium,ready,,,
original-ar,/srv/daawah/media/original-ar/ذكريات ｜ قناة دعوة,ذكريات,ذكريات,ذكريات,ذكريات-قناة-دعوة,original-library,medium,ready,,,
original-ar,/srv/daawah/media/original-ar/حكايات رمضان,حكايات رمضان,حكايات رمضان,حكايات رمضان,حكايات-رمضان,original-library,high,ready,clean name,,
original-ar,/srv/daawah/media/original-ar/رحلة روح,رحلة روح,رحلة روح,رحلة روح,رحلة-روح,original-library,high,ready,clean name,,
original-ar,/srv/daawah/media/original-ar/أيام خالد   حسن الحسيني,أيام خالد   حسن الحسيني,أيام خالد حسن الحسيني,أيام خالد   حسن الحسيني,أيام-خالد-حسن-الحسيني,original-library,high,ready,clean name,,
original-ar,/srv/daawah/media/original-ar/أخطاء تربوية مع ا عبده زيادة,أخطاء تربوية مع ا عبده زيادة,أخطاء تربوية مع ا عبده زيادة,أخطاء تربوية مع ا عبده زيادة,أخطاء-تربوية,needs_review,medium,ready,,,
original-ar,/srv/daawah/media/original-ar/＂سلسلة السيرة النبوية＂ مع د حازم صلاح أبو إسماعيل,＂سلسلة السيرة النبوية＂ مع د حازم صلاح أبو إسماعيل,"""سلسلة السيرة النبوية"" مع د حازم صلاح أبو إسماعيل",＂سلسلة السيرة النبوية＂ مع د حازم صلاح أبو إسماعيل,سلسلة-السيرة-النبوية,original-library,high,ready,clean name,,
original-ar,/srv/daawah/media/original-ar/مداخل الشيطان,مداخل الشيطان,مداخل الشيطان,مداخل الشيطان,مداخل-الشيطان,original-library,high,ready,clean name,,
original-ar,/srv/daawah/media/original-ar/حديث الثلاثاء,حديث الثلاثاء,حديث الثلاثاء,حديث الثلاثاء,حديث-الثلاثاء,original-library,high,ready,clean name,,
original-ar,/srv/daawah/media/original-ar/برنامج صحتك في رمضان مع د إمام العدس,برنامج صحتك في رمضان مع د إمام العدس,برنامج صحتك في رمضان مع د إمام العدس,برنامج صحتك في رمضان مع د إمام العدس,برنامج-صحتك-في-رمضان,original-library,high,ready,clean name,,
original-ar,/srv/daawah/media/original-ar/قطوف من الحكم العطائية مع الشيخ عبد الخالق الشريف,قطوف من الحكم العطائية مع الشيخ عبد الخالق الشريف,قطوف من الحكم العطائية مع الشيخ عبد الخالق الشريف,قطوف من الحكم العطائية مع الشيخ عبد الخالق الشريف,قطوف-من-الحكم-العطائية,original-library,high,ready,clean name,,
original-ar,/srv/daawah/media/original-ar/رحيما مع د شادي ظاظا,رحيما مع د شادي ظاظا,رحيما مع د شادي ظاظا,رحيما مع د شادي ظاظا,رحيما,original-library,high,ready,clean name,,
original-ar,/srv/daawah/media/original-ar/لبيك اللهم مع د مروة إبراهيم,لبيك اللهم مع د مروة إبراهيم,لبيك اللهم مع د مروة إبراهيم,لبيك اللهم مع د مروة إبراهيم,لبيك-اللهم,original-library,high,ready,clean name,,
original-ar,/srv/daawah/media/original-ar/الحكاية من البداية مع د مروة إبراهيم,الحكاية من البداية مع د مروة إبراهيم,الحكاية من البداية مع د مروة إبراهيم,الحكاية من البداية مع د مروة إبراهيم,الحكاية-من-البداية,original-library,high,ready,clean name,,
original-ar,/srv/daawah/media/original-ar/نور القلوب مع الشيخ عبد العزيز رجب,نور القلوب مع الشيخ عبد العزيز رجب,نور القلوب مع الشيخ عبد العزيز رجب,نور القلوب مع الشيخ عبد العزيز رجب,نور-القلوب,original-library,high,ready,clean name,,
original-ar,/srv/daawah/media/original-ar/قرآنا عربيا مع الشيخ علي المحيمد,قرآنا عربيا مع الشيخ علي المحيمد,قرآنا عربيا مع الشيخ علي المحيمد,قرآنا عربيا مع الشيخ علي المحيمد,قرآنا-عربيا,original-library,high,ready,clean name,,
original-ar,/srv/daawah/media/original-ar/سفراء الإسلام مع د شادي ظاظا,سفراء الإسلام مع د شادي ظاظا,سفراء الإسلام مع د شادي ظاظا,سفراء الإسلام مع د شادي ظاظا,سفراء-الإسلام,original-library,high,ready,clean name,,
original-ar,/srv/daawah/media/original-ar/قصة الحج مع عامر وهاب,قصة الحج مع عامر وهاب,قصة الحج مع عامر وهاب,قصة الحج مع عامر وهاب,قصة-الحج,original-library,high,ready,clean name,,
original-ar,/srv/daawah/media/original-ar/دلوني على السوق مع د سهيل الحوامده,دلوني على السوق مع د سهيل الحوامده,دلوني على السوق مع د سهيل الحوامده,دلوني على السوق مع د سهيل الحوامده,دلوني-على-السوق,original-library,high,ready,clean name,,
original-ar,/srv/daawah/media/original-ar/الحج في القرآن مع الشيخ جمال محمد,الحج في القرآن مع الشيخ جمال محمد,الحج في القرآن مع الشيخ جمال محمد,الحج في القرآن مع الشيخ جمال محمد,الحج-في-القرآن,original-library,high,ready,clean name,,
original-ar,/srv/daawah/media/original-ar/شرعة ومنهاجا,شرعة ومنهاجا,شرعة ومنهاجا,شرعة ومنهاجا,شرعة-ومنهاجا,original-library,high,ready,clean name,,
original-ar,/srv/daawah/media/original-ar/جنة الدنيا موسم رمضان,جنة الدنيا موسم رمضان,جنة الدنيا موسم رمضان,جنة الدنيا موسم رمضان,جنة-الدنيا-موسم-رمضان,original-library,high,ready,clean name,,
original-ar,/srv/daawah/media/original-ar/كتب ليست للقراءة مع إسلام هجرس,كتب ليست للقراءة مع إسلام هجرس,كتب ليست للقراءة مع إسلام هجرس,كتب ليست للقراءة مع إسلام هجرس,كتب-ليست-للقراءة,original-library,high,ready,clean name,,
original-ar,/srv/daawah/media/original-ar/جرامافون,جرامافون,جرامافون,جرامافون,جرامافون,original-library,high,ready,clean name,,
original-ar,/srv/daawah/media/original-ar/حور الدنيا مع ياسر عمر,حور الدنيا مع ياسر عمر,حور الدنيا مع ياسر عمر,حور الدنيا مع ياسر عمر,حور-الدنيا,original-library,high,ready,clean name,,
original-ar,/srv/daawah/media/original-ar/لنثبت به فؤادك مع الشيخ سليم بطاز,لنثبت به فؤادك مع الشيخ سليم بطاز,لنثبت به فؤادك مع الشيخ سليم بطاز,لنثبت به فؤادك مع الشيخ سليم بطاز,لنثبت-به-فؤادك,original-library,high,ready,clean name,,
original-ar,/srv/daawah/media/original-ar/ليلى مع ليلى أشرف وياسر عمر,ليلى مع ليلى أشرف وياسر عمر,ليلى مع ليلى أشرف وياسر عمر,ليلى مع ليلى أشرف وياسر عمر,ليلى,original-library,high,ready,clean name,,
original-ar,/srv/daawah/media/original-ar/أذان البلقان مع ا عبدالعزيز إبراهيم,أذان البلقان مع ا عبدالعزيز إبراهيم,أذان البلقان مع ا عبدالعزيز إبراهيم,أذان البلقان مع ا عبدالعزيز إبراهيم,أذان-البلقان,original-library,high,ready,clean name,,
original-ar,/srv/daawah/media/original-ar/زاد المهاجر مع د طه عامر,زاد المهاجر مع د طه عامر,زاد المهاجر مع د طه عامر,زاد المهاجر مع د طه عامر,زاد-المهاجر,original-library,high,ready,clean name,,
original-ar,/srv/daawah/media/original-ar/رايات و أمم مع د يوسف عبد الدايم,رايات و أمم مع د يوسف عبد الدايم,رايات و أمم مع د يوسف عبد الدايم,رايات و أمم مع د يوسف عبد الدايم,رايات-و-أمم,original-library,high,ready,clean name,,
original-ar,/srv/daawah/media/original-ar/مع الإمام مع نور الدين محمود,مع الإمام مع نور الدين محمود,مع الإمام مع نور الدين محمود,مع الإمام مع نور الدين محمود,,original-library,high,ready,clean name,,
original-ar,/srv/daawah/media/original-ar/مفاتيح مع د محمد سعيد بكر,مفاتيح مع د محمد سعيد بكر,مفاتيح مع د محمد سعيد بكر,مفاتيح مع د محمد سعيد بكر,مفاتيح,original-library,high,ready,clean name,,
original-ar,/srv/daawah/media/original-ar/فقه الحج مع د محمد أيمن الجمال,فقه الحج مع د محمد أيمن الجمال,فقه الحج مع د محمد أيمن الجمال,فقه الحج مع د محمد أيمن الجمال,فقه-الحج,original-library,high,ready,clean name,,
original-ar,/srv/daawah/media/original-ar/قدوات مع مصباح سيدي,قدوات مع مصباح سيدي,قدوات مع مصباح سيدي,قدوات مع مصباح سيدي,قدوات,original-library,high,ready,clean name,,
original-ar,/srv/daawah/media/original-ar/يسألونك موسم رمضان 1443 هـ مع د يوسف عبدالدايم,يسألونك موسم رمضان 1443 هـ مع د يوسف عبدالدايم,يسألونك موسم رمضان 1443 هـ مع د يوسف عبدالدايم,يسألونك موسم رمضان 1443 هـ مع د يوسف عبدالدايم,يسألونك-موسم-رمضان-1443,needs_review,low,ready,,,
original-ar,/srv/daawah/media/original-ar/خواطر دعوة مع د مروة إبراهيم,خواطر دعوة مع د مروة إبراهيم,خواطر دعوة مع د مروة إبراهيم,خواطر دعوة مع د مروة إبراهيم,خواطر-دعوة,original-library,high,ready,clean name,,
original-ar,/srv/daawah/media/original-ar/وأخر متشابهات مع ا محمد عبد الباسط,وأخر متشابهات مع ا محمد عبد الباسط,وأخر متشابهات مع ا محمد عبد الباسط,وأخر متشابهات مع ا محمد عبد الباسط,وأخر-متشابهات,original-library,high,ready,clean name,,
original-ar,/srv/daawah/media/original-ar/قبسات للدكتور إسماعيل علي 2,قبسات للدكتور إسماعيل علي 2,قبسات للدكتور إسماعيل علي 2,قبسات للدكتور إسماعيل علي 2,قبسات-للدكتور-إسماعيل-علي-2,original-library,high,ready,clean name,,
original-ar,/srv/daawah/media/original-ar/يقظة أمة مع ا سامح الجبه,يقظة أمة مع ا سامح الجبه,يقظة أمة مع ا سامح الجبه,يقظة أمة مع ا سامح الجبه,يقظة-أمة,original-library,high,ready,clean name,,
original-ar,/srv/daawah/media/original-ar/أحباب القرآن مع ا علاء الشعار,أحباب القرآن مع ا علاء الشعار,أحباب القرآن مع ا علاء الشعار,أحباب القرآن مع ا علاء الشعار,أحباب-القرآن,original-library,high,ready,clean name,,
original-ar,/srv/daawah/media/original-ar/الشيخ عدنان عبد القادر - أحكمت آياته,الشيخ عدنان عبد القادر - أحكمت آياته,الشيخ عدنان عبد القادر - أحكمت آياته,الشيخ عدنان عبد القادر - أحكمت آياته,الشيخ-عدنان-عبد-القادر-أحكمت-آياته,original-library,high,ready,clean name,,
original-ar,/srv/daawah/media/original-ar/دروس من السيرة مع الشيخ عبد النافع الرفاعي,دروس من السيرة مع الشيخ عبد النافع الرفاعي,دروس من السيرة مع الشيخ عبد النافع الرفاعي,دروس من السيرة مع الشيخ عبد النافع الرفاعي,دروس-من-السيرة,original-library,high,ready,clean name,,
original-ar,/srv/daawah/media/original-ar/سيوف الرسالة..غزوات الرسول مع اليهود(ش.سليم محمدي من الجزائر),سيوف الرسالة..غزوات الرسول مع اليهود(ش.سليم محمدي من الجزائر),سيوف الرسالة..غزوات الرسول مع اليهود(ش.سليم محمدي من الجزائر),سيوف الرسالة..غزوات الرسول مع اليهود(ش.سليم محمدي من الجزائر),سيوف-الرسالة-غزوات-الرسول,original-library,high,ready,clean name,,
original-ar,/srv/daawah/media/original-ar/بصائر الموسم الثاني مع د رمضان خميس,بصائر الموسم الثاني مع د رمضان خميس,بصائر الموسم الثاني مع د رمضان خميس,بصائر الموسم الثاني مع د رمضان خميس,بصائر-الموسم-الثاني,original-library,high,ready,clean name,,
original-ar,/srv/daawah/media/original-ar/برامج اليوم 18 رمضان,برامج اليوم 18 رمضان,برامج اليوم 18 رمضان,برامج اليوم 18 رمضان,برامج-اليوم-18-رمضان,original-library,high,ready,clean name,,
original-ar,/srv/daawah/media/original-ar/على بصيرة الموسم الثاني مع د إسماعيل علي,على بصيرة الموسم الثاني مع د إسماعيل علي,على بصيرة الموسم الثاني مع د إسماعيل علي,على بصيرة الموسم الثاني مع د إسماعيل علي,على-بصيرة-الموسم-الثاني,original-library,high,ready,clean name,,
original-ar,/srv/daawah/media/original-ar/يسألونك الموسم الرابع مع مصباح سيدي وفضيلة الشيخ عبد الخالق الشريف,يسألونك الموسم الرابع مع مصباح سيدي وفضيلة الشيخ عبد الخالق الشريف,يسألونك الموسم الرابع مع مصباح سيدي وفضيلة الشيخ عبد الخالق الشريف,يسألونك الموسم الرابع مع مصباح سيدي وفضيلة الشيخ عبد الخالق الشريف,يسألونك-الموسم-الرابع,original-library,high,ready,clean name,,
original-ar,/srv/daawah/media/original-ar/سؤال وجواب مع د محمد عمارة,سؤال وجواب مع د محمد عمارة,سؤال وجواب مع د محمد عمارة,سؤال وجواب مع د محمد عمارة,سؤال-وجواب,original-library,high,ready,clean name,,
original-ar,/srv/daawah/media/original-ar/برامج اليوم 20 رمضان,برامج اليوم 20 رمضان,برامج اليوم 20 رمضان,برامج اليوم 20 رمضان,برامج-اليوم-20-رمضان,original-library,high,ready,clean name,,
original-ar,/srv/daawah/media/original-ar/ولله على الناس مع ياسر عمر,ولله على الناس مع ياسر عمر,ولله على الناس مع ياسر عمر,ولله على الناس مع ياسر عمر,ولله-على-الناس,original-library,high,ready,clean name,,
original-ar,/srv/daawah/media/original-ar/رسائل إلى الشباب مع د محمد علي بيود,رسائل إلى الشباب مع د محمد علي بيود,رسائل إلى الشباب مع د محمد علي بيود,رسائل إلى الشباب مع د محمد علي بيود,رسائل-إلى-الشباب,original-library,high,ready,clean name,,
original-ar,/srv/daawah/media/original-ar/د. طارق السويدان  أسرار الحج,د. طارق السويدان  أسرار الحج,د. طارق السويدان أسرار الحج,د. طارق السويدان  أسرار الحج,د-طارق-السويدان-أسرار-الحج,original-library,high,ready,clean name,,
original-ar,/srv/daawah/media/original-ar/المحترم مع أيمن الباجوري,المحترم مع أيمن الباجوري,المحترم مع أيمن الباجوري,المحترم مع أيمن الباجوري,المحترم,original-library,high,ready,clean name,,
original-ar,/srv/daawah/media/original-ar/برنامج فاغتنموه مع الدكتور أكرم كساب,برنامج فاغتنموه مع الدكتور أكرم كساب,برنامج فاغتنموه مع الدكتور أكرم كساب,برنامج فاغتنموه مع الدكتور أكرم كساب,برنامج-فاغتنموه,original-library,high,ready,clean name,,
original-ar,/srv/daawah/media/original-ar/معالم إرشادية,معالم إرشادية,معالم إرشادية,معالم إرشادية,معالم-إرشادية,original-library,high,ready,clean name,,
original-ar,/srv/daawah/media/original-ar/في بيت إبراهيم ｜ أكرم رضا,في بيت إبراهيم أكرم رضا,في بيت إبراهيم أكرم رضا,في بيت إبراهيم أكرم رضا,في-بيت-إبراهيم-أكرم-رضا,original-library,medium,ready,,,
original-ar,/srv/daawah/media/original-ar/يسألونك (10) موسم الحج مع د أحمد سعيد حوى,يسألونك (10) موسم الحج مع د أحمد سعيد حوى,يسألونك (10) موسم الحج مع د أحمد سعيد حوى,يسألونك (10) موسم الحج مع د أحمد سعيد حوى,يسألونك-10-موسم-الحج,original-library,high,ready,clean name,,
original-ar,/srv/daawah/media/original-ar/آيات الحج مع ياسر عمر,آيات الحج مع ياسر عمر,آيات الحج مع ياسر عمر,آيات الحج مع ياسر عمر,آيات-الحج,original-library,high,ready,clean name,,
original-ar,/srv/daawah/media/original-ar/وذكرهم مع ياسر عمر,وذكرهم مع ياسر عمر,وذكرهم مع ياسر عمر,وذكرهم مع ياسر عمر,وذكرهم,original-library,high,ready,clean name,,
original-ar,/srv/daawah/media/original-ar/يسألونك الموسم الخامس مع مصباح سيدي وفضيلة الدكتور رجب أبو مليح,يسألونك الموسم الخامس مع مصباح سيدي وفضيلة الدكتور رجب أبو مليح,يسألونك الموسم الخامس مع مصباح سيدي وفضيلة الدكتور رجب أبو مليح,يسألونك الموسم الخامس مع مصباح سيدي وفضيلة الدكتور رجب أبو مليح,يسألونك-الموسم-الخامس,original-library,high,ready,clean name,,
original-ar,/srv/daawah/media/original-ar/على بحر الخليل مع ا سمير عطية,على بحر الخليل مع ا سمير عطية,على بحر الخليل مع ا سمير عطية,على بحر الخليل مع ا سمير عطية,على-بحر-الخليل,original-library,high,ready,clean name,,
original-ar,/srv/daawah/media/original-ar/تيسير المصطلح مع د محي الدين عوامة,تيسير المصطلح مع د محي الدين عوامة,تيسير المصطلح مع د محي الدين عوامة,تيسير المصطلح مع د محي الدين عوامة,تيسير-المصطلح,original-library,high,ready,clean name,,
original-ar,/srv/daawah/media/original-ar/وفي أنفسكم مع د أسامة شافعي,وفي أنفسكم مع د أسامة شافعي,وفي أنفسكم مع د أسامة شافعي,وفي أنفسكم مع د أسامة شافعي,وفي-أنفسكم,original-library,high,ready,clean name,,
original-ar,/srv/daawah/media/original-ar/جوامع الكلم مع د يوسف عبد الدايم,جوامع الكلم مع د يوسف عبد الدايم,جوامع الكلم مع د يوسف عبد الدايم,جوامع الكلم مع د يوسف عبد الدايم,جوا,original-library,high,ready,clean name,,
original-ar,/srv/daawah/media/original-ar/أنا والمحراب مع ياسر عمر,أنا والمحراب مع ياسر عمر,أنا والمحراب مع ياسر عمر,أنا والمحراب مع ياسر عمر,أنا-والمحراب,needs_review,medium,ready,,,
original-ar,/srv/daawah/media/original-ar/فقه الابتلاءات｜ مع د.توفيق زبادي ｜ قناة دعوة,فقه الابتلاءات مع د.توفيق زبادي,فقه الابتلاءات مع د.توفيق زبادي,فقه الابتلاءات مع د.توفيق زبادي,فقه-الابتلاءات,original-library,medium,ready,,,
original-ar,/srv/daawah/media/original-ar/برنامج أصلح قلبك مع الشيخ حازم صلاح أبو إسماعيل,برنامج أصلح قلبك مع الشيخ حازم صلاح أبو إسماعيل,برنامج أصلح قلبك مع الشيخ حازم صلاح أبو إسماعيل,برنامج أصلح قلبك مع الشيخ حازم صلاح أبو إسماعيل,برنامج-أصلح-قلبك,original-library,high,ready,clean name,,
original-ar,/srv/daawah/media/original-ar/الأمثال في القرآن مع د يوسف عبد الدايم,الأمثال في القرآن مع د يوسف عبد الدايم,الأمثال في القرآن مع د يوسف عبد الدايم,الأمثال في القرآن مع د يوسف عبد الدايم,الأمثال-في-القرآن,original-library,high,ready,clean name,,
original-ar,/srv/daawah/media/original-ar/المحجة البيضاء,المحجة البيضاء,المحجة البيضاء,المحجة البيضاء,المحجة-البيضاء,original-library,high,ready,clean name,,
original-ar,/srv/daawah/media/original-ar/سنن مهجورة مع د أكرم كساب,سنن مهجورة مع د أكرم كساب,سنن مهجورة مع د أكرم كساب,سنن مهجورة مع د أكرم كساب,سنن-مهجورة-مع-أكرم-كساب,original-library,high,ready,clean name,,
original-ar,/srv/daawah/media/original-ar/غرس القرآن الموسم الثاني مع أستاذ عبد العزيز أصلان,غرس القرآن الموسم الثاني مع أستاذ عبد العزيز أصلان,غرس القرآن الموسم الثاني مع أستاذ عبد العزيز أصلان,غرس القرآن الموسم الثاني مع أستاذ عبد العزيز أصلان,غرس-القرآن-الموسم-الثاني,original-library,high,ready,clean name,,
original-ar,/srv/daawah/media/original-ar/ضيوف دعوة مع د يوسف عبدالدايم,ضيوف دعوة مع د يوسف عبدالدايم,ضيوف دعوة مع د يوسف عبدالدايم,ضيوف دعوة مع د يوسف عبدالدايم,ضيوف-دعوة,original-library,high,ready,clean name,,
original-ar,/srv/daawah/media/original-ar/حديث الصيام,حديث الصيام,حديث الصيام,حديث الصيام,حديث-الصيام,original-library,high,ready,clean name,,
original-ar,/srv/daawah/media/original-ar/يسألونك الموسم السادس مع مصباح سيدي و د محمد أيمن الجمال,يسألونك الموسم السادس مع مصباح سيدي و د محمد أيمن الجمال,يسألونك الموسم السادس مع مصباح سيدي و د محمد أيمن الجمال,يسألونك الموسم السادس مع مصباح سيدي و د محمد أيمن الجمال,يسألونك-الموسم-السادس,original-library,high,ready,clean name,,
original-ar,/srv/daawah/media/original-ar/يسألونك (الموسم الثامن) مع د يوسف عبد الدايم,يسألونك (الموسم الثامن) مع د يوسف عبد الدايم,يسألونك (الموسم الثامن) مع د يوسف عبد الدايم,يسألونك (الموسم الثامن) مع د يوسف عبد الدايم,يسألونك-الموسم-الثامن,original-library,high,ready,clean name,,
original-ar,/srv/daawah/media/original-ar/جدد حياتك مع ياسر عمر,جدد حياتك مع ياسر عمر,جدد حياتك مع ياسر عمر,جدد حياتك مع ياسر عمر,جدد-حياتك,original-library,high,ready,clean name,,
original-ar,/srv/daawah/media/original-ar/قضايا إسلامية (موسم 3) مع ا سامح الجبه,قضايا إسلامية (موسم 3) مع ا سامح الجبه,قضايا إسلامية (موسم 3) مع ا سامح الجبه,قضايا إسلامية (موسم 3) مع ا سامح الجبه,قضايا-إسلامية-موسم-3,original-library,high,ready,clean name,,
original-ar,/srv/daawah/media/original-ar/المعاملات الإسلامية مع د رجب أبو مليح,المعاملات الإسلامية مع د رجب أبو مليح,المعاملات الإسلامية مع د رجب أبو مليح,المعاملات الإسلامية مع د رجب أبو مليح,المعاملات-الإسلامية,original-library,high,ready,clean name,,
original-ar,/srv/daawah/media/original-ar/نداء الإيمان مع د عبد الحي يوسف,نداء الإيمان مع د عبد الحي يوسف,نداء الإيمان مع د عبد الحي يوسف,نداء الإيمان مع د عبد الحي يوسف,نداء-الإيمان,original-library,high,ready,clean name,,
original-ar,/srv/daawah/media/original-ar/منسك وعبرة مع د سعد جاد,منسك وعبرة مع د سعد جاد,منسك وعبرة مع د سعد جاد,منسك وعبرة مع د سعد جاد,منسك-وعبرة,original-library,high,ready,clean name,,
original-ar,/srv/daawah/media/original-ar/أهلا رمضان  ｜ مع الشيخ جمال سامي  ｜ قناة دعوة,أهلا رمضان مع الشيخ جمال سامي,أهلا رمضان مع الشيخ جمال سامي,أهلا رمضان مع الشيخ جمال سامي,أهلا-رمضان,original-library,medium,ready,,,
original-ar,/srv/daawah/media/original-ar/كما رأيتموني الموسم الثاني مع عامر وهاب,كما رأيتموني الموسم الثاني مع عامر وهاب,كما رأيتموني الموسم الثاني مع عامر وهاب,كما رأيتموني الموسم الثاني مع عامر وهاب,كما-رأيتموني-الموسم-الثاني,original-library,high,ready,clean name,,
original-ar,/srv/daawah/media/original-ar/قدوتي مع د يوسف عبد الدايم,قدوتي مع د يوسف عبد الدايم,قدوتي مع د يوسف عبد الدايم,قدوتي مع د يوسف عبد الدايم,قدوتي,original-library,high,ready,clean name,,
original-ar,/srv/daawah/media/original-ar/بيوت عامرة مع د مجدي قويدر,بيوت عامرة مع د مجدي قويدر,بيوت عامرة مع د مجدي قويدر,بيوت عامرة مع د مجدي قويدر,بيوت-عامرة,original-library,high,ready,clean name,,
original-ar,/srv/daawah/media/original-ar/فاتبعوني مع أحمد ماضي,فاتبعوني مع أحمد ماضي,فاتبعوني مع أحمد ماضي,فاتبعوني مع أحمد ماضي,فاتبعوني,original-library,high,ready,clean name,,
original-ar,/srv/daawah/media/original-ar/نساء في القرآن مع د مروة إبراهيم,نساء في القرآن مع د مروة إبراهيم,نساء في القرآن مع د مروة إبراهيم,نساء في القرآن مع د مروة إبراهيم,نساء-في-القرآن,original-library,high,ready,clean name,,
original-ar,/srv/daawah/media/original-ar/تأملات مع د عبدالخالق الشريف,تأملات مع د عبدالخالق الشريف,تأملات مع د عبدالخالق الشريف,تأملات مع د عبدالخالق الشريف,تأملات-عبدالخالق-الشريف,original-library,high,ready,clean name,,
original-ar,/srv/daawah/media/original-ar/آباء وأبناء مع إكرام عصام و عماد حجازي,آباء وأبناء مع إكرام عصام و عماد حجازي,آباء وأبناء مع إكرام عصام و عماد حجازي,آباء وأبناء مع إكرام عصام و عماد حجازي,آباء-وأبناء,original-library,high,ready,clean name,,
original-ar,/srv/daawah/media/original-ar/دلني على السوق مع د رجب أبو مليح,دلني على السوق مع د رجب أبو مليح,دلني على السوق مع د رجب أبو مليح,دلني على السوق مع د رجب أبو مليح,دلني-على-السوق,original-library,high,ready,clean name,,
original-ar,/srv/daawah/media/original-ar/برنامج آفاق السيرة النبوية مع الدكتور علي الصلابي,برنامج آفاق السيرة النبوية مع الدكتور علي الصلابي,برنامج آفاق السيرة النبوية مع الدكتور علي الصلابي,برنامج آفاق السيرة النبوية مع الدكتور علي الصلابي,برنامج-آفاق-السيرة-النبوية,original-library,high,ready,clean name,,
original-ar,/srv/daawah/media/original-ar/مع النبي,مع النبي,مع النبي,مع النبي,,original-library,high,ready,clean name,,
original-ar,/srv/daawah/media/original-ar/منهج البنا في التغيير,منهج البنا في التغيير,منهج البنا في التغيير,منهج البنا في التغيير,منهج-البنا-في-التغيير,original-library,high,ready,clean name,,
original-ar,/srv/daawah/media/original-ar/أعلام دعوة  ＂موسم رمضان＂,أعلام دعوة  ＂موسم رمضان＂,"أعلام دعوة ""موسم رمضان""",أعلام دعوة  ＂موسم رمضان＂,أعلام-دعوة-موسم-رمضان,original-library,high,ready,clean name,,
original-ar,/srv/daawah/media/original-ar/في ظلال الكتب الموسم الثاني مع مصباح سيدي,في ظلال الكتب الموسم الثاني مع مصباح سيدي,في ظلال الكتب الموسم الثاني مع مصباح سيدي,في ظلال الكتب الموسم الثاني مع مصباح سيدي,في-ظلال-الكتب-الموسم-الثاني,original-library,high,ready,clean name,,
original-ar,/srv/daawah/media/original-ar/المحترم (موسم رمضان) مع أيمن الباجوري,المحترم (موسم رمضان) مع أيمن الباجوري,المحترم (موسم رمضان) مع أيمن الباجوري,المحترم (موسم رمضان) مع أيمن الباجوري,المحترم-موسم-رمضان,original-library,high,ready,clean name,,
original-ar,/srv/daawah/media/original-ar/مواقف وعبر مع محمد ماهر والشيخ محمود عطية,مواقف وعبر مع محمد ماهر والشيخ محمود عطية,مواقف وعبر مع محمد ماهر والشيخ محمود عطية,مواقف وعبر مع محمد ماهر والشيخ محمود عطية,مواقف-وعبر,original-library,high,ready,clean name,,
original-ar,/srv/daawah/media/original-ar/نداءات مع د توفيق زبادي,نداءات مع د توفيق زبادي,نداءات مع د توفيق زبادي,نداءات مع د توفيق زبادي,نداءات,original-library,high,ready,clean name,,
original-ar,/srv/daawah/media/original-ar/سبيل الرشاد مع فضيلة الشيخ خالد الديب,سبيل الرشاد مع فضيلة الشيخ خالد الديب,سبيل الرشاد مع فضيلة الشيخ خالد الديب,سبيل الرشاد مع فضيلة الشيخ خالد الديب,سبيل-الرشاد,original-library,high,ready,clean name,,
original-ar,/srv/daawah/media/original-ar/يسألونك الموسم السابع مع الشيخ أحمد جابر علي,يسألونك الموسم السابع مع الشيخ أحمد جابر علي,يسألونك الموسم السابع مع الشيخ أحمد جابر علي,يسألونك الموسم السابع مع الشيخ أحمد جابر علي,يسألونك-الموسم-السابع,original-library,high,ready,clean name,,
original-ar,/srv/daawah/media/original-ar/قواعد قرآنية مع الشيخ عبد العزيز أصلان,قواعد قرآنية مع الشيخ عبد العزيز أصلان,قواعد قرآنية مع الشيخ عبد العزيز أصلان,قواعد قرآنية مع الشيخ عبد العزيز أصلان,قواعد-قرآنية,original-library,high,ready,clean name,,
original-ar,/srv/daawah/media/original-ar/ميراث حضارة مع مصباح سيدي,ميراث حضارة مع مصباح سيدي,ميراث حضارة مع مصباح سيدي,ميراث حضارة مع مصباح سيدي,ميراث-حضارة,original-library,high,ready,clean name,,
original-ar,/srv/daawah/media/original-ar/ومضة مع ا خالد حمدي,ومضة مع ا خالد حمدي,ومضة مع ا خالد حمدي,ومضة مع ا خالد حمدي,ومضة,original-library,high,ready,clean name,,
original-ar,/srv/daawah/media/original-ar/ثوابت الصراع ｜ د أمل خليفة,ثوابت الصراع د أمل خليفة,ثوابت الصراع د أمل خليفة,ثوابت الصراع د أمل خليفة,ثوابت-الصراع-د-أمل-خليفة,original-library,medium,ready,,,
original-ar,/srv/daawah/media/original-ar/مختارات,مختارات,مختارات,مختارات,مختارات,original-library,high,ready,clean name,,
original-ar,/srv/daawah/media/original-ar/حيران مع بسمة عماد,حيران مع بسمة عماد,حيران مع بسمة عماد,حيران مع بسمة عماد,حيران,original-library,high,ready,clean name,,
original-ar,/srv/daawah/media/original-ar/إذاعة دعوة,إذاعة دعوة,إذاعة دعوة,إذاعة دعوة,إذاعة-دعوة,original-library,high,ready,clean name,,
original-ar,/srv/daawah/media/original-ar/كن داعياً مع الدكتور محمد موسي الشريف,كن داعياً مع الدكتور محمد موسي الشريف,كن داعياً مع الدكتور محمد موسي الشريف,كن داعياً مع الدكتور محمد موسي الشريف,كن-داعياً,original-library,high,ready,clean name,,
original-ar,/srv/daawah/media/original-ar/قصائد حجازية مع ا سمير عطية,قصائد حجازية مع ا سمير عطية,قصائد حجازية مع ا سمير عطية,قصائد حجازية مع ا سمير عطية,قصائد-حجازية,original-library,high,ready,clean name,,
original-ar,/srv/daawah/media/original-ar/سكن مع ياسر عمر و د عبير طلعت,سكن مع ياسر عمر و د عبير طلعت,سكن مع ياسر عمر و د عبير طلعت,سكن مع ياسر عمر و د عبير طلعت,سكن,original-library,high,ready,clean name,,
original-ar,/srv/daawah/media/original-ar/تأملات مع د محمد علي,تأملات مع د محمد علي,تأملات مع د محمد علي,تأملات مع د محمد علي,تأملات-محمد-علي,original-library,high,ready,clean name,,
original-ar,/srv/daawah/media/original-ar/مع الصحيح مع فضيلة الشيخ سيد جويل,مع الصحيح مع فضيلة الشيخ سيد جويل,مع الصحيح مع فضيلة الشيخ سيد جويل,مع الصحيح مع فضيلة الشيخ سيد جويل,,original-library,high,ready,clean name,,
original-ar,/srv/daawah/media/original-ar/تدبر مع الشيخ عبد العزيز أصلان,تدبر مع الشيخ عبد العزيز أصلان,تدبر مع الشيخ عبد العزيز أصلان,تدبر مع الشيخ عبد العزيز أصلان,تدبر,original-library,high,ready,clean name,,
original-ar,/srv/daawah/media/original-ar/عم عاشور مع أيمن الباجوري,عم عاشور مع أيمن الباجوري,عم عاشور مع أيمن الباجوري,عم عاشور مع أيمن الباجوري,عم-عاشور,original-library,high,ready,clean name,,
original-ar,/srv/daawah/media/original-ar/غرس القرآن مع ا عبد العزيز أصلان,غرس القرآن مع ا عبد العزيز أصلان,غرس القرآن مع ا عبد العزيز أصلان,غرس القرآن مع ا عبد العزيز أصلان,غرس-القرآن,original-library,high,ready,clean name,,
original-ar,/srv/daawah/media/original-ar/فقه الميزان (الموسم الثاني) مع فضيلة الشيخ علي القرة داغي,فقه الميزان (الموسم الثاني) مع فضيلة الشيخ علي القرة داغي,فقه الميزان (الموسم الثاني) مع فضيلة الشيخ علي القرة داغي,فقه الميزان (الموسم الثاني) مع فضيلة الشيخ علي القرة داغي,فقه-الميزان-الموسم-الثاني,original-library,high,ready,clean name,,
original-ar,/srv/daawah/media/original-ar/قبس من أنوار المصطفى,قبس من أنوار المصطفى,قبس من أنوار المصطفى,قبس من أنوار المصطفى,قبس-من-أنوار-المصطفى,original-library,high,ready,clean name,,
original-ar,/srv/daawah/media/original-ar/مقام إبراهيم,مقام إبراهيم,مقام إبراهيم,مقام إبراهيم,مقام-إبراهيم,original-library,high,ready,clean name,,
original-ar,/srv/daawah/media/original-ar/جواب كافي مع د مروة إبراهيم وجـ＊ـهاد علي,جواب كافي مع د مروة إبراهيم وجــهاد علي,جواب كافي مع د مروة إبراهيم وجـ*ـهاد علي,جواب كافي مع د مروة إبراهيم وجــهاد علي,جواب-كافي,needs_review,low,ready,,,
original-ar,/srv/daawah/media/original-ar/منتدى دعوة,منتدى دعوة,منتدى دعوة,منتدى دعوة,منتدى-دعوة,original-library,high,ready,clean name,,
original-ar,/srv/daawah/media/original-ar/قرآنا عربيا الموسم الثاني مع د بدوي الصاوي,قرآنا عربيا الموسم الثاني مع د بدوي الصاوي,قرآنا عربيا الموسم الثاني مع د بدوي الصاوي,قرآنا عربيا الموسم الثاني مع د بدوي الصاوي,قرآنا-عربيا-الموسم-الثاني,original-library,high,ready,clean name,,
original-ar,/srv/daawah/media/original-ar/د. عبدالحي يوسف تفسير سورة الحج,د. عبدالحي يوسف تفسير سورة الحج,د. عبدالحي يوسف تفسير سورة الحج,د. عبدالحي يوسف تفسير سورة الحج,د-عبدالحي-يوسف-تفسير-سورة-الحج,original-library,high,ready,clean name,,
original-ar,/srv/daawah/media/original-ar/مقاطع وفواصل قناة دعوة,مقاطع وفواصل قناة دعوة,مقاطع وفواصل قناة دعوة,مقاطع وفواصل قناة دعوة,مقاطع-وفواصل-قناة-دعوة,original-library,high,ready,clean name,,
original-ar,/srv/daawah/media/original-ar/بصمات مع مازن سلام,بصمات مع مازن سلام,بصمات مع مازن سلام,بصمات مع مازن سلام,بصمات,original-library,high,ready,clean name,,
original-ar,/srv/daawah/media/original-ar/جنة الدنيا مع الشيخ نشأت أحمد,جنة الدنيا مع الشيخ نشأت أحمد,جنة الدنيا مع الشيخ نشأت أحمد,جنة الدنيا مع الشيخ نشأت أحمد,جنة-الدنيا,needs_review,medium,ready,,,
original-ar,/srv/daawah/media/original-ar/ميزان الأصول مع د أحمد شاهين,ميزان الأصول مع د أحمد شاهين,ميزان الأصول مع د أحمد شاهين,ميزان الأصول مع د أحمد شاهين,ميزان-الأصول,original-library,high,ready,clean name,,
original-ar,/srv/daawah/media/original-ar/جيل التمكين مع د رمضان خميس,جيل التمكين مع د رمضان خميس,جيل التمكين مع د رمضان خميس,جيل التمكين مع د رمضان خميس,جيل-التمكين,original-library,high,ready,clean name,,
original-ar,/srv/daawah/media/original-ar/في حقيبة أمي مع ا فاطمة جلال,في حقيبة أمي مع ا فاطمة جلال,في حقيبة أمي مع ا فاطمة جلال,في حقيبة أمي مع ا فاطمة جلال,في-حقيبة-أمي,original-library,high,ready,clean name,,
original-ar,/srv/daawah/media/original-ar/كنوز من الهجرة مع الأستاذ الدكتور شكري نور الدين,كنوز من الهجرة مع الأستاذ الدكتور شكري نور الدين,كنوز من الهجرة مع الأستاذ الدكتور شكري نور الدين,كنوز من الهجرة مع الأستاذ الدكتور شكري نور الدين,كنوز-من-الهجرة,original-library,high,ready,clean name,,
original-ar,/srv/daawah/media/original-ar/بلاغات قرآنية,بلاغات قرآنية,بلاغات قرآنية,بلاغات قرآنية,بلاغات-قرآنية,original-library,high,ready,clean name,,
original-ar,/srv/daawah/media/original-ar/يسألونك الموسم 12  ｜ مع د الدكتور أحمد سعيد حوى  ｜ قناة دعوة,يسألونك الموسم 12 مع د الدكتور أحمد سعيد حوى,يسألونك الموسم 12 مع د الدكتور أحمد سعيد حوى,يسألونك الموسم 12 مع د الدكتور أحمد سعيد حوى,يسألونك-الموسم-12,original-library,medium,ready,,,
original-ar,/srv/daawah/media/original-ar/حبات القلوب,حبات القلوب,حبات القلوب,حبات القلوب,حبات-القلوب,original-library,high,ready,clean name,,
original-ar,/srv/daawah/media/original-ar/ومضات نفسية مع د شادي ظاظا,ومضات نفسية مع د شادي ظاظا,ومضات نفسية مع د شادي ظاظا,ومضات نفسية مع د شادي ظاظا,ومضات-نفسية,original-library,high,ready,clean name,,
original-ar,/srv/daawah/media/original-ar/عبر (الموسم الثاني),عبر (الموسم الثاني),عبر (الموسم الثاني),عبر (الموسم الثاني),عبر-الموسم-الثاني,original-library,high,ready,clean name,,
original-ar,/srv/daawah/media/original-ar/خلقه القرآن مع فضيلة الشيخ عبد النافع الرفاعي,خلقه القرآن مع فضيلة الشيخ عبد النافع الرفاعي,خلقه القرآن مع فضيلة الشيخ عبد النافع الرفاعي,خلقه القرآن مع فضيلة الشيخ عبد النافع الرفاعي,خلقه-القرآن,original-library,high,ready,clean name,,
original-ar,/srv/daawah/media/original-ar/كأنك تراه جل جلاله مع الشيخ عبد الخالق الشريف,كأنك تراه جل جلاله مع الشيخ عبد الخالق الشريف,كأنك تراه جل جلاله مع الشيخ عبد الخالق الشريف,كأنك تراه جل جلاله مع الشيخ عبد الخالق الشريف,كأنك-تراه-جل-جلاله,original-library,high,ready,clean name,,
original-ar,/srv/daawah/media/original-ar/مروا بمكة مع إسلام هجرس,مروا بمكة مع إسلام هجرس,مروا بمكة مع إسلام هجرس,مروا بمكة مع إسلام هجرس,مروا-بمكة,original-library,high,ready,clean name,,
original-ar,/srv/daawah/media/original-ar/لتسكنوا إليها مع د خضر عبد المعطي,لتسكنوا إليها مع د خضر عبد المعطي,لتسكنوا إليها مع د خضر عبد المعطي,لتسكنوا إليها مع د خضر عبد المعطي,لتسكنوا-إليها,original-library,high,ready,clean name,,
original-ar,/srv/daawah/media/original-ar/عم عاشور مع أيمن الباجوري موسم رمضان,عم عاشور مع أيمن الباجوري موسم رمضان,عم عاشور مع أيمن الباجوري موسم رمضان,عم عاشور مع أيمن الباجوري موسم رمضان,عم-عاشور-رمضان,original-library,high,ready,clean name,,
original-ar,/srv/daawah/media/original-ar/القصّاص مع إمام الليثي,القصّاص مع إمام الليثي,القصّاص مع إمام الليثي,القصّاص مع إمام الليثي,القصّاص,original-library,high,ready,clean name,,
original-ar,/srv/daawah/media/original-ar/القلوب مع فضيلة الشيخ نشأت أحمد,القلوب مع فضيلة الشيخ نشأت أحمد,القلوب مع فضيلة الشيخ نشأت أحمد,القلوب مع فضيلة الشيخ نشأت أحمد,القلوب,original-library,high,ready,clean name,,
original-ar,/srv/daawah/media/original-ar/فقه العصر مع الأستاذ الدكتور فضل مراد,فقه العصر مع الأستاذ الدكتور فضل مراد,فقه العصر مع الأستاذ الدكتور فضل مراد,فقه العصر مع الأستاذ الدكتور فضل مراد,فقه-العصر,original-library,high,ready,clean name,,
original-ar,/srv/daawah/media/original-ar/برنامج جذور الصـ＊ـراع  ｜ قناة دعوة,برنامج جذور الصــراع,برنامج جذور الصـ*ـراع,برنامج جذور الصــراع,برنامج-جذور-الص-راع-قناة-دعوة,original-library,medium,ready,,,
original-ar,/srv/daawah/media/original-ar/فقه الميزان الموسم الثالث مع د علي القرة داغي,فقه الميزان الموسم الثالث مع د علي القرة داغي,فقه الميزان الموسم الثالث مع د علي القرة داغي,فقه الميزان الموسم الثالث مع د علي القرة داغي,فقه-الميزان-الموسم-الثالث,original-library,high,ready,clean name,,
original-ar,/srv/daawah/media/original-ar/على بصيرة مع فضيلة الأستاذ الدكتور إسماعيل علي,على بصيرة مع فضيلة الأستاذ الدكتور إسماعيل علي,على بصيرة مع فضيلة الأستاذ الدكتور إسماعيل علي,على بصيرة مع فضيلة الأستاذ الدكتور إسماعيل علي,على-بصيرة,original-library,high,ready,clean name,,
